$ 1 0.0000049999999999999996 382.76258214399064 61 5 50 5e-11
w 1008 144 1056 144 0
r 1072 160 1072 208 0 470000
g 1072 208 1072 224 0 0
w 1056 144 1072 144 0
w 1072 144 1072 160 0
c 1072 144 1120 144 0 1e-8 -4.363137698351499 0.001
r 1184 144 1248 144 0 47000
r 1264 160 1264 208 0 220000
g 1264 208 1264 224 0 0
w 1248 144 1264 144 0
w 1264 144 1264 160 0
w 1264 144 1360 144 0
r 1440 160 1488 160 0 10000
r 1504 96 1504 144 0 10000
R 1504 96 1504 64 0 0 40 12 0 0 0.5
w 1488 160 1504 160 0
w 1504 160 1504 144 0
207 1584 160 1632 160 4 E
x 911 105 946 108 4 18 right
x 910 287 934 290 4 18 left
w 1264 320 1360 320 0
w 1264 320 1264 336 0
w 1248 320 1264 320 0
g 1264 384 1264 400 0 0
r 1264 336 1264 384 0 220000
r 1184 320 1248 320 0 47000
c 1072 320 1120 320 0 1e-8 -8.535548680282007e-11 0.001
w 1072 320 1072 336 0
w 1056 320 1072 320 0
g 1072 384 1072 400 0 0
r 1072 336 1072 384 0 470000
w 1008 320 1056 320 0
s 960 320 1008 320 0 1 true
R 960 320 912 320 0 0 40 5 0 0 0.5
w 1360 176 1344 176 0
w 1344 176 1344 352 0
w 1344 352 1360 352 0
w 1344 176 1344 128 0
r 1344 128 1344 64 0 100000
R 1344 64 1344 32 0 0 40 12 0 0 0.5
r 1344 352 1344 416 0 10000
g 1344 416 1344 432 0 0
207 1504 336 1552 336 4 F
w 1504 336 1504 320 0
w 1488 336 1504 336 0
R 1504 272 1504 240 0 0 40 12 0 0 0.5
r 1504 272 1504 320 0 470
r 1440 336 1488 336 0 10000
x 1052 950 1083 953 4 14 3904
t 1008 944 1040 944 0 1 -5.171825671415801 0.5680121398528506 100 default
207 1040 928 1040 896 4 C
r 1040 960 1040 1024 0 22000
w 1008 944 976 944 0
r 976 944 976 1024 0 22000
R 1040 1040 1040 1072 0 0 40 -12 0 0 0.5
r 976 944 928 944 0 10000
g 912 960 912 976 0 0
w 928 944 912 944 0
w 912 944 912 960 0
x 1118 673 1272 676 4 18 all\sevents\spulse\sout
401 1360 160 1440 160 1 8\s15\s-15\s1000000\s1.090909090909091\s-0.5247554545384503\s100000 0\s20\s10000000000 1\s0
401 1360 336 1440 336 1 8\s15\s-15\s1000000\s1.090909090909091\s7.105427357601002e-11\s100000 0\s20\s10000000000 1\s0
x 1294 879 1394 882 4 18 stage\strigger
s 1344 912 1392 912 0 1 true
R 1344 912 1296 912 0 0 40 10 0 0 0.5
w 1040 1040 1040 1024 0
w 976 1024 1040 1024 0
d 1152 208 1152 144 2 1N4148
g 1152 208 1152 224 0 0
w 1120 144 1152 144 0
w 1152 144 1184 144 0
g 1152 400 1152 416 0 0
d 1152 400 1152 336 2 1N4148
w 1120 320 1152 320 0
w 1152 320 1152 336 0
w 1152 320 1184 320 0
x 953 627 984 630 4 14 3904
x 1105 598 1136 601 4 14 3906
r 1088 704 1088 752 0 47000
g 1088 752 1088 768 0 0
w 1088 704 1088 688 0
w 1088 688 1120 688 2
w 1088 688 1088 672 0
r 1088 672 1088 608 0 1000
t 1056 592 1088 592 0 -1 -0.5566746877159332 -0.5861182619320839 100 default
R 1008 528 1008 496 0 0 40 12 0 0 0.5
w 1008 528 1088 528 0
w 1088 528 1088 576 0
r 976 592 928 592 0 47000
t 896 624 928 624 0 1 0.5156660316999313 0.5671102452528106 100 default
w 928 592 928 608 0
g 928 640 928 656 0 0
w 896 624 864 624 0
r 864 624 864 560 0 47000
207 864 560 864 528 4 D
r 864 624 864 688 0 47000
g 864 688 864 704 0 0
w 1056 592 1008 592 0
r 1008 592 1008 528 0 47000
w 1008 592 976 592 0
t 1616 496 1648 496 0 -1 11.735630493264988 5.50556519469424 100 default
r 1616 496 1568 496 0 47000
207 1568 496 1536 496 4 F
207 1648 512 1648 560 4 J1
x 1612 575 1692 578 4 14 to\snext\sstage
t 1776 496 1744 496 0 -1 11.826372880609085 5.5055533159923975 100 default
x 1677 502 1703 505 4 12 3906
w 1648 480 1648 464 0
w 1648 464 1744 464 0
w 1744 464 1744 480 0
207 1744 512 1744 560 4 G1
x 1714 577 1836 580 4 14 from\sprevious\sstage
r 1776 496 1824 496 0 47000
207 1824 496 1872 496 4 E
w 1744 464 1920 464 0
c 1920 464 1920 416 0 4.7e-10 -5.5055663392269025 0.001
R 1920 416 1920 384 0 0 40 12 0 0 0.5
r 1920 464 1920 512 0 1000000
w 1920 512 1920 656 0
d 1920 704 1920 656 2 1N4148
207 1920 704 1968 704 4 S1
162 1920 720 1920 768 2 default-led 1 0 0 0.01
w 1920 704 1920 720 0
r 1920 768 1920 816 0 1000
w 1920 816 1920 832 0
w 1920 832 1984 832 0
r 1920 832 1920 896 0 1000
g 1920 896 1920 912 0 0
x 1939 823 1995 826 4 14 pulse\sout
t 1824 672 1792 672 0 -1 -0.5624783018992403 -0.6419311193802013 100 default
w 1920 704 1792 704 0
w 1792 704 1792 688 0
R 1824 624 1824 592 0 0 40 12 0 0 0.5
w 1792 656 1792 624 0
w 1792 624 1824 624 0
w 1824 624 1856 624 0
r 1856 624 1856 672 0 220000
w 1856 672 1824 672 0
c 1792 704 1744 704 0 1e-8 8.01849894016766 0.001
w 1744 704 1728 704 0
r 1728 704 1728 640 0 47000
g 1728 640 1728 624 0 0
d 1728 704 1664 704 2 1N4148
S 1632 704 1632 672 0 1 false 0 2
w 1664 704 1632 704 0
207 1664 784 1616 784 4 A
t 1824 784 1856 784 0 1 -9.392183612874533 0.5677547722399243 100 default
w 1856 672 1856 768 0
207 1856 800 1856 848 4 C
r 1792 704 1792 784 0 220000
w 1824 784 1792 784 0
d 1712 784 1664 784 2 1N4148
d 1744 784 1792 784 2 1N4148
w 1712 784 1744 784 0
207 1648 672 1648 640 4 D
s 1680 752 1712 752 0 1 true
w 1744 784 1744 752 0
w 1744 752 1712 752 0
207 1680 752 1632 752 4 B
w 1792 784 1792 816 0
w 1792 816 1792 832 0
w 1792 832 1664 832 0
207 1664 832 1616 832 4 H1
r 1792 896 1792 960 0 47000
g 1792 960 1792 976 0 0
d 1744 896 1792 896 2 1N4148
r 1728 896 1728 960 0 180000
g 1728 960 1728 976 0 0
w 1744 896 1728 896 0
c 1728 896 1664 896 0 2.2000000000000002e-8 -0.00041915723729485594 0.001
g 1664 960 1664 976 0 0
r 1664 896 1664 960 0 470000
w 1664 896 1648 896 0
207 1648 896 1600 896 4 JPI1
x 1567 880 1660 883 4 14 external\strigger
x 2063 880 2156 883 4 14 external\strigger
207 2144 896 2096 896 4 JPI2
w 2160 896 2144 896 0
r 2160 896 2160 960 0 470000
g 2160 960 2160 976 0 0
c 2224 896 2160 896 0 2.2000000000000002e-8 0.0007767516490287807 0.001
w 2240 896 2224 896 0
g 2224 960 2224 976 0 0
r 2224 896 2224 960 0 180000
d 2240 896 2288 896 2 1N4148
g 2288 960 2288 976 0 0
r 2288 896 2288 960 0 47000
207 2160 832 2112 832 4 H2
w 2288 832 2160 832 0
w 2288 816 2288 832 0
w 2288 784 2288 816 0
207 2176 752 2128 752 4 B
w 2240 752 2208 752 0
w 2240 784 2240 752 0
s 2176 752 2208 752 0 1 true
207 2144 672 2144 640 4 D
w 2208 784 2240 784 0
d 2240 784 2288 784 2 1N4148
d 2208 784 2160 784 2 1N4148
w 2320 784 2288 784 0
r 2288 704 2288 784 0 220000
207 2352 800 2352 848 4 C
w 2352 672 2352 768 0
t 2320 784 2352 784 0 1 -11.826378502669264 -1.2245163993489316 100 default
207 2160 784 2112 784 4 A
w 2160 704 2128 704 0
S 2128 704 2128 672 0 1 false 0 2
d 2224 704 2160 704 2 1N4148
g 2224 640 2224 624 0 0
r 2224 704 2224 640 0 47000
w 2240 704 2224 704 0
c 2288 704 2240 704 0 1e-8 1.8112586747667532 0.001
w 2352 672 2320 672 0
r 2352 624 2352 672 0 220000
w 2320 624 2352 624 0
w 2288 624 2320 624 0
w 2288 656 2288 624 0
R 2320 624 2320 592 0 0 40 12 0 0 0.5
w 2288 704 2288 688 0
w 2416 704 2288 704 0
t 2320 672 2288 672 0 -1 11.013461274324808 -0.000007401174325849524 100 default
x 2435 823 2491 826 4 14 pulse\sout
g 2416 896 2416 912 0 0
r 2416 832 2416 896 0 1000
w 2416 832 2480 832 0
w 2416 816 2416 832 0
r 2416 768 2416 816 0 1000
w 2416 704 2416 720 0
162 2416 720 2416 768 2 default-led 1 0 0 0.01
207 2416 704 2464 704 4 S2
d 2416 704 2416 656 2 1N4148
w 2416 512 2416 656 0
r 2416 464 2416 512 0 1000000
R 2416 416 2416 384 0 0 40 12 0 0 0.5
c 2416 464 2416 416 0 4.7e-10 -5.721509687651729 0.001
w 2240 464 2416 464 0
207 2320 496 2368 496 4 E
r 2272 496 2320 496 0 47000
x 2210 577 2332 580 4 14 from\sprevious\sstage
207 2240 512 2240 560 4 G2
w 2240 464 2240 480 0
w 2144 464 2240 464 0
w 2144 480 2144 464 0
x 2173 502 2199 505 4 12 3906
t 2272 496 2240 496 0 -1 11.781428908530367 5.7214966664281 100 default
x 2108 575 2188 578 4 14 to\snext\sstage
207 2144 512 2144 560 4 J2
207 2064 496 2032 496 4 F
r 2112 496 2064 496 0 47000
t 2112 496 2144 496 0 -1 10.034113667591862 5.721508622988855 100 default
t 2640 496 2672 496 0 -1 11.826384754947158 5.714737277584241 100 default
r 2640 496 2592 496 0 47000
207 2592 496 2560 496 4 F
207 2672 512 2672 560 4 J3
x 2636 575 2716 578 4 14 to\snext\sstage
t 2800 496 2768 496 0 -1 11.735618618730287 5.71472540741331 100 default
x 2701 502 2727 505 4 12 3906
w 2672 480 2672 464 0
w 2672 464 2768 464 0
w 2768 464 2768 480 0
207 2768 512 2768 560 4 G3
x 2738 577 2860 580 4 14 from\sprevious\sstage
r 2800 496 2848 496 0 47000
207 2848 496 2896 496 4 E
w 2768 464 2944 464 0
c 2944 464 2944 416 0 4.7e-10 -5.7147384264806735 0.001
R 2944 416 2944 384 0 0 40 12 0 0 0.5
r 2944 464 2944 512 0 1000000
w 2944 512 2944 656 0
d 2944 704 2944 656 2 1N4148
207 2944 704 2992 704 4 S3
162 2944 720 2944 768 2 default-led 1 0 0 0.01
w 2944 704 2944 720 0
r 2944 768 2944 816 0 1000
w 2944 816 2944 832 0
w 2944 832 3008 832 0
r 2944 832 2944 896 0 1000
g 2944 896 2944 912 0 0
x 2963 823 3019 826 4 14 pulse\sout
t 2848 672 2816 672 0 -1 10.757821933951416 -0.000007335046028345005 100 default
w 2944 704 2816 704 0
w 2816 704 2816 688 0
R 2848 624 2848 592 0 0 40 12 0 0 0.5
w 2816 656 2816 624 0
w 2816 624 2848 624 0
w 2848 624 2880 624 0
r 2880 624 2880 672 0 220000
w 2880 672 2848 672 0
c 2816 704 2768 704 0 1e-8 3.158680151534999 0.001
w 2768 704 2752 704 0
r 2752 704 2752 640 0 47000
g 2752 640 2752 624 0 0
d 2752 704 2688 704 2 1N4148
S 2656 704 2656 672 0 1 false 0 2
w 2688 704 2656 704 0
207 2688 784 2640 784 4 A
t 2848 784 2880 784 0 1 -11.781434594707967 -1.1795724252593371 100 default
w 2880 672 2880 768 0
207 2880 800 2880 848 4 C
r 2816 704 2816 784 0 220000
w 2848 784 2816 784 0
d 2736 784 2688 784 2 1N4148
d 2768 784 2816 784 2 1N4148
w 2736 784 2768 784 0
207 2672 672 2672 640 4 D
s 2704 752 2736 752 0 1 true
w 2768 784 2768 752 0
w 2768 752 2736 752 0
207 2704 752 2656 752 4 B
w 2816 784 2816 816 0
w 2816 816 2816 832 0
w 2816 832 2688 832 0
207 2688 832 2640 832 4 H3
r 2816 896 2816 960 0 47000
g 2816 960 2816 976 0 0
d 2768 896 2816 896 2 1N4148
r 2752 896 2752 960 0 180000
g 2752 960 2752 976 0 0
w 2768 896 2752 896 0
c 2752 896 2688 896 0 2.2000000000000002e-8 0.0007771922399183939 0.001
g 2688 960 2688 976 0 0
r 2688 896 2688 960 0 470000
w 2688 896 2672 896 0
207 2672 896 2624 896 4 JPI3
x 2591 880 2684 883 4 14 external\strigger
207 1408 608 1360 608 4 B
r 1408 608 1408 560 0 10000
R 1408 560 1408 528 0 0 40 12 0 0 0.5
r 1408 608 1408 656 0 10000
g 1408 656 1408 672 0 0
207 1392 912 1472 912 4 JPI1
w 1792 832 1792 896 0
w 2288 832 2288 896 0
w 2816 832 2816 896 0
w 3296 832 3296 896 0
x 3071 880 3164 883 4 14 external\strigger
207 3152 896 3104 896 4 JPI4
w 3168 896 3152 896 0
r 3168 896 3168 960 0 470000
g 3168 960 3168 976 0 0
c 3232 896 3168 896 0 2.2000000000000002e-8 0.0007771632012045005 0.001
w 3248 896 3232 896 0
g 3232 960 3232 976 0 0
r 3232 896 3232 960 0 180000
d 3248 896 3296 896 2 1N4148
g 3296 960 3296 976 0 0
r 3296 896 3296 960 0 47000
207 3168 832 3120 832 4 H4
w 3296 832 3168 832 0
w 3296 816 3296 832 0
w 3296 784 3296 816 0
207 3184 752 3136 752 4 B
w 3248 752 3216 752 0
w 3248 784 3248 752 0
s 3184 752 3216 752 0 1 true
207 3152 672 3152 640 4 D
w 3216 784 3248 784 0
d 3248 784 3296 784 2 1N4148
d 3216 784 3168 784 2 1N4148
w 3328 784 3296 784 0
r 3296 704 3296 784 0 220000
207 3360 800 3360 848 4 C
w 3360 672 3360 768 0
t 3328 784 3360 784 0 1 -11.735624370178227 -1.1337621333029926 100 default
207 3168 784 3120 784 4 A
w 3168 704 3136 704 0
S 3136 704 3136 672 0 1 false 0 2
d 3232 704 3168 704 2 1N4148
g 3232 640 3232 624 0 0
r 3232 704 3232 640 0 47000
w 3248 704 3232 704 0
c 3296 704 3248 704 0 1e-8 6.609971592247531 0.001
w 3360 672 3328 672 0
r 3360 624 3360 672 0 220000
w 3328 624 3360 624 0
w 3296 624 3328 624 0
w 3296 656 3296 624 0
R 3328 624 3328 592 0 0 40 12 0 0 0.5
w 3296 704 3296 688 0
w 3424 704 3296 704 0
t 3328 672 3296 672 0 -1 10.497147411916274 -0.0000072676194236009906 100 default
x 3443 823 3499 826 4 14 pulse\sout
g 3424 896 3424 912 0 0
r 3424 832 3424 896 0 1000
w 3424 832 3488 832 0
w 3424 816 3424 832 0
r 3424 768 3424 816 0 1000
w 3424 704 3424 720 0
162 3424 720 3424 768 2 default-led 1 0 0 0.01
207 3424 704 3472 704 4 S4
d 3424 704 3424 656 2 1N4148
w 3424 512 3424 656 0
r 3424 464 3424 512 0 1000000
R 3424 416 3424 384 0 0 40 12 0 0 0.5
c 3424 464 3424 416 0 4.7e-10 -5.754323318437656 0.001
w 3248 464 3424 464 0
207 3328 496 3376 496 4 E
r 3280 496 3328 496 0 47000
x 3218 577 3340 580 4 14 from\sprevious\sstage
207 3248 512 3248 560 4 G4
w 3248 464 3248 480 0
w 3152 464 3248 464 0
w 3152 480 3152 464 0
x 3181 502 3207 505 4 12 3906
t 3280 496 3248 496 0 -1 10.03410179314006 5.75431037932298 100 default
x 3116 575 3196 578 4 14 to\snext\sstage
207 3152 512 3152 560 4 J4
207 3072 496 3040 496 4 F
r 3120 496 3072 496 0 47000
t 3120 496 3152 496 0 -1 11.781440782951321 5.754322171634982 100 default
S 1632 1168 1696 1168 0 0 false 0 3
207 1632 1168 1600 1168 4 G4
207 1696 1152 1728 1152 4 H1
207 1696 1184 1728 1184 4 G1
O 1696 1168 1728 1168 0 0
207 1632 1232 1600 1232 4 J2
207 1696 1216 1728 1216 4 H1
S 1632 1232 1696 1232 0 0 false 0 3
207 1696 1248 1728 1248 4 J1
207 1904 1248 1936 1248 4 J2
O 1904 1232 1936 1232 0 0
S 1840 1232 1904 1232 0 0 false 0 3
207 1904 1216 1936 1216 4 H2
207 1840 1232 1808 1232 4 J3
O 1904 1168 1936 1168 0 0
207 1904 1184 1936 1184 4 G2
207 1904 1152 1936 1152 4 H2
207 1840 1168 1808 1168 4 G1
S 1840 1168 1904 1168 0 0 false 0 3
S 2032 1168 2096 1168 0 0 false 0 3
207 2032 1168 2000 1168 4 G2
207 2096 1152 2128 1152 4 H3
207 2096 1184 2128 1184 4 G3
207 2032 1232 2000 1232 4 J4
207 2096 1216 2128 1216 4 H3
S 2032 1232 2096 1232 0 0 false 0 3
O 2096 1232 2128 1232 0 0
207 2096 1248 2128 1248 4 J3
207 2288 1248 2320 1248 4 J4
O 2288 1232 2320 1232 0 0
S 2224 1232 2288 1232 0 0 false 0 3
207 2288 1216 2320 1216 4 H4
207 2224 1232 2192 1232 4 J1
O 2288 1168 2320 1168 0 0
207 2288 1184 2320 1184 4 G4
207 2288 1152 2320 1152 4 H4
207 2224 1168 2192 1168 4 G3
S 2224 1168 2288 1168 0 0 false 0 3
w 1504 160 1584 160 0
R 1008 144 944 144 0 2 2000 5 0 0 0.5
207 1712 1344 1664 1344 4 S1
g 1728 1424 1728 1440 0 0
w 1712 1344 1728 1344 0
w 1728 1344 1728 1360 0
174 1728 1360 1728 1408 1 100000 0.1733 Resistance
r 1776 1392 1824 1392 0 220000
w 1776 1392 1744 1392 0
w 1824 1392 1856 1392 0
a 2544 1392 2624 1392 8 15 -15 1000000 0.00010536643503520787 0 100000
207 1856 1392 1904 1392 4 W
207 2480 1376 2432 1376 4 W
w 2480 1376 2544 1376 0
r 2560 1328 2608 1328 0 220000
w 2624 1392 2640 1392 0
w 2640 1392 2640 1328 0
w 2640 1328 2608 1328 0
w 2560 1328 2544 1328 0
w 2544 1328 2544 1376 0
O 2096 1168 2128 1168 0 0
O 1696 1232 1728 1232 0 0
c 2560 1264 2608 1264 0 3.3e-11 10.536748869955822 0.001
w 2640 1328 2640 1264 0
w 2640 1264 2608 1264 0
w 2560 1264 2544 1264 0
w 2544 1264 2544 1328 0
r 2640 1392 2704 1392 0 100000
a 2736 1408 2816 1408 8 15 -15 1000000 -0.00010574333238187645 0 100000
w 2704 1392 2736 1392 0
r 2752 1264 2800 1264 0 100000
c 2752 1344 2800 1344 0 3.3e-11 -10.574438981520027 0.001
w 2816 1408 2832 1408 0
w 2832 1408 2832 1344 0
w 2832 1344 2800 1344 0
w 2752 1344 2736 1344 0
w 2736 1344 2736 1392 0
w 2832 1264 2800 1264 0
w 2752 1264 2736 1264 0
w 2736 1264 2736 1344 0
g 2512 1424 2512 1440 0 0
w 2544 1408 2512 1408 0
w 2512 1408 2512 1424 0
g 2704 1440 2704 1456 0 0
w 2736 1424 2704 1424 0
w 2704 1424 2704 1440 0
r 2832 1408 2880 1408 0 330
w 2832 1264 2880 1264 0
w 2880 1264 2880 1408 0
w 2880 1408 2928 1408 0
207 2096 1520 2144 1520 4 W
w 2064 1520 2096 1520 0
w 2016 1520 1984 1520 0
r 2016 1520 2064 1520 0 220000
174 1968 1488 1968 1536 1 100000 0.38120000000000004 Resistance
w 1968 1472 1968 1488 0
w 1952 1472 1968 1472 0
g 1968 1552 1968 1568 0 0
207 1952 1472 1904 1472 4 S2
207 1840 1616 1888 1616 4 W
w 1808 1616 1840 1616 0
w 1760 1616 1728 1616 0
r 1760 1616 1808 1616 0 220000
174 1712 1584 1712 1632 1 100000 0.5594 Resistance
w 1712 1568 1712 1584 0
w 1696 1568 1712 1568 0
g 1712 1648 1712 1664 0 0
207 1696 1568 1648 1568 4 S3
207 2208 1648 2256 1648 4 W
w 2176 1648 2208 1648 0
w 2128 1648 2096 1648 0
r 2128 1648 2176 1648 0 220000
174 2080 1616 2080 1664 1 100000 0.8366000000000001 Resistance
w 2080 1600 2080 1616 0
w 2064 1600 2080 1600 0
g 2080 1680 2080 1696 0 0
207 2064 1600 2016 1600 4 S4
o 497 1 0 12291 10.651720840190748 0.0001 0 2 497 3
